17.351
1.5421e+08
1.5421e+08
1.0442e+08
8.2569e+07
9.3273e+07
NaN
3.2377e+07
3.788e+07
3.8674e+07
4.1632e+07
3.9434e+07
4.0933e+07
9.2575e+05
3.5463e+07
3.6339e+07
3.489e+07
3.7234e+07
NaN
3.8475e+07
3.6449e+07
3.2696e+07
3.6078e+07
2.9176e+07
3.2594e+07
2.7926e+07
3.0373e+07
2.954e+07
3.3586e+07
2.9048e+07
NaN
2.6971e+07
3.1251e+07
2.7859e+07
2.8224e+07
NaN
2.8515e+07
3.4329e+07
3.1009e+07
2.8214e+07
3.0247e+07
NaN
2.9941e+07
2.8758e+07
NaN
2.3763e+07
NaN
2.5002e+07
NaN
2.3255e+07
2.459e+07
2.6215e+07
2.2261e+07
2.0341e+07
2.3983e+07
2.4207e+07
2.1027e+07
2.4855e+07
1.9637e+07
NaN
2.1611e+07
NaN
1.8763e+07
2.0373e+07
2.1046e+07
1.9525e+07
NaN
2.1365e+07
1.7974e+07
1.3324e+07
NaN
1.7439e+07
1.5706e+07
1.5132e+07
1.2155e+07
1.5209e+07
NaN
1.3922e+07
1.2481e+07
NaN
1.4861e+07
1.457e+07
9.3176e+06
1.1467e+07
1.1445e+07
1.1042e+07
NaN
1.0489e+07
1.0526e+07
1.113e+07
1.1356e+07
7.7352e+06
NaN
8.8787e+06
NaN
7.921e+06
8.3282e+06
6.5961e+06
6.364e+06
6.3385e+06
6.4092e+06
1.3903e+06
4.1685e+06
3.9001e+06
NaN
2.2157e+06
4.0047e+06
4.1378e+06
3.0633e+06
3.0089e+06
8.3469e+05
NaN
1.8246e+06
1.155e+06
NaN
18682
5393.3
NaN
13556
2879.6
1203.5
1045.4
1047.2
1043.5
1036.8
1039.2
1038.1
1036.9
1037.5
1037.4
1037.5
1037.4
1037.4
1037.4
1037.4
1037.4
1037.4
NaN
1037.4
1037.4
1037.4
7.7014e+05
1037.4
1037.4
NaN
1037.4
1037.4
1037.4
1037.4
NaN
1037.4
1.8129e+06
1037.4
1037.4
1037.4
1037.4
NaN
1037.4
1037.4
1037.4
1.7471e+06
1037.4
1037.4
1037.4
1037.4
1037.4
1037.4
NaN
1037.4
1037.4
1037.4
NaN
1037.4
NaN
1037.4
NaN
1037.4
1037.4
NaN
1037.4
1037.4
NaN
1037.4
1037.4
4.4923e+06
1037.4
1037.4
1037.4
1037.4
NaN
1037.4
1037.4
1037.4
1037.4
1037.4
1037.4
1037.4
1037.4
1037.4
