17.351
2.6042e+10
1.0244e+10
4.3432e+09
3.6572e+10
4.0314e+07
3.5718e+07
4.0297e+07
3.9323e+07
3.9254e+07
4.2706e+07
4.3114e+07
3.7272e+07
3.8147e+07
3.8634e+07
4.2022e+07
3.4901e+07
3.9846e+07
3.6683e+07
3.2431e+07
3.9048e+07
3.5286e+07
3.9064e+07
3.7171e+07
3.284e+07
3.6883e+07
3.8938e+07
3.5305e+07
3.5698e+07
3.4809e+07
3.6459e+07
3.2162e+07
2.8802e+07
3.477e+07
3.3106e+07
3.5508e+07
3.458e+07
3.1491e+07
3.3576e+07
2.8905e+07
3.289e+07
2.904e+07
3.3783e+07
3.422e+07
3.1115e+07
2.8854e+07
2.5882e+07
3.1716e+07
2.8363e+07
2.6236e+07
2.6662e+07
2.6266e+07
2.3212e+07
2.3314e+07
2.7215e+07
2.4752e+07
2.4133e+07
2.1631e+07
2.1008e+07
2.3671e+07
2.5513e+07
2.3398e+07
2.0584e+07
2.5657e+07
1.9828e+07
2.1669e+07
2.1624e+07
1.9486e+07
1.9689e+07
2.1767e+07
2.0582e+07
1.9844e+07
1.8966e+07
1.8716e+07
1.8007e+07
1.7057e+07
1.9276e+07
1.6004e+07
1.4351e+07
1.5036e+07
1.9131e+07
1.37e+07
1.2214e+07
1.2735e+07
1.3324e+07
1.4402e+07
1.3506e+07
1.4826e+07
1.1698e+07
1.1226e+07
1.1405e+07
1.1116e+07
1.024e+07
1.0397e+07
1.0348e+07
1.0183e+07
8.2697e+06
8.2778e+06
7.256e+06
8.3052e+06
7.1495e+06
1.0661e+06
NaN
NaN
7.2238e+06
5.9191e+06
4.7825e+06
5.6138e+06
4.3791e+06
3.636e+06
NaN
3.0447e+06
NaN
3.6863e+06
2.7627e+06
2.8437e+06
2.6832e+06
2.2082e+06
1.3693e+06
1.0597e+06
6.6479e+05
NaN
49190
12734
3276.3
NaN
1197.5
1092.8
1054.6
1043.1
1039.7
1038.3
1037.8
1037.6
NaN
1037.5
1037.4
1037.4
NaN
1037.4
1037.4
NaN
1037.4
1037.4
1037.4
1037.4
1037.4
1037.4
1037.4
64634
1037.4
1037.4
95193
1037.4
1037.4
NaN
1037.4
1037.4
1037.4
1037.4
7.4756e+05
1037.4
1037.4
1037.4
1037.4
1037.4
NaN
1037.4
1037.4
1037.4
1037.4
1037.4
1037.4
NaN
1037.4
1037.4
1037.4
NaN
7.4129e+05
1037.4
1037.4
1037.4
NaN
1037.4
NaN
1037.4
1037.4
NaN
1037.4
1037.4
1037.4
NaN
1037.4
NaN
NaN
1037.4
8.5853e+05
NaN
1037.4
